{"cells":[{"cell_type":"code","execution_count":null,"metadata":{"id":"IM7b7BRnkVQM"},"outputs":[],"source":["import os\n","import sys\n","import pandas\n","import pyspark\n","\n","os.environ['PYSPARK_PYTHON'] = sys.executable\n","os.environ['PYSPARK_DRIVER_PYTHON'] = sys.executable"]},{"cell_type":"code","execution_count":null,"metadata":{"id":"zsQ46G-QkVQQ","outputId":"7ca4a6a0-a559-43f1-9278-7298b2e4df49"},"outputs":[{"name":"stderr","output_type":"stream","text":["/home/lplab/anaconda3/lib/python3.7/site-packages/pyspark/context.py:317: FutureWarning: Python 3.7 support is deprecated in Spark 3.4.\n","  warnings.warn(\"Python 3.7 support is deprecated in Spark 3.4.\", FutureWarning)\n"]},{"name":"stdout","output_type":"stream","text":["+-----+-----+------------+------------+------------+------------+-------+------+------+------+-------+--------+\n","| id_1| id_2|cmp_fname_c1|cmp_fname_c2|cmp_lname_c1|cmp_lname_c2|cmp_sex|cmp_bd|cmp_bm|cmp_by|cmp_plz|is_match|\n","+-----+-----+------------+------------+------------+------------+-------+------+------+------+-------+--------+\n","|53719|60579|           1|        null|           1|        null|      1|     1|     1|     1|      1|    true|\n","|58967|58973|           1|        null|           1|        null|      1|     1|     1|     1|      1|    true|\n","| 1499|23331|           1|        null|           1|        null|      1|     1|     1|     1|      1|    true|\n","|18441|36183|           1|           1|           1|        null|      1|     1|     1|     1|      1|    true|\n","| 8902|11508|           1|        null|           1|        null|      1|     1|     1|     1|      1|    true|\n","|17704|21348|           1|        null|           1|        null|      1|     1|     1|     1|      1|    true|\n","| 1837|31102|           1|        null|           1|        null|      0|     1|     1|     1|      1|    true|\n","|42566|46904|           1|           1|           1|        null|      1|     1|     1|     1|      1|    true|\n","| 5065|14199|           1|        null|           1|        null|      1|     1|     1|     0|      1|    true|\n","|28241|29523|           1|        null|           1|        null|      1|     1|     1|     1|      1|    true|\n","|22682|60001|           1|        null|           1|        null|      1|     1|     1|     1|      0|    true|\n","| 1496| 2695|           1|        null|           1|        null|      1|     1|     1|     1|      1|    true|\n","|13988|13989|           1|        null|           1|        null|      1|     1|     1|     1|      1|    true|\n","|28481|40484|           1|           1|           1|        null|      1|     1|     1|     1|      1|    true|\n","|41406|42799|           1|        null|           1|        null|      1|     1|     1|     1|      1|    true|\n","|44192|67350|           1|        null|           1|        null|      1|     1|     1|     1|      1|    true|\n","|42306|45383|           1|        null|           1|        null|      1|     1|     1|     1|      1|    true|\n","|11084|11541|           1|        null|           1|        null|      1|     1|     1|     1|      1|    true|\n","|25644|37723|           1|        null|           1|        null|      1|     1|     1|     1|      1|    true|\n","|29306|53194|           1|        null|           1|        null|      1|     1|     1|     1|      1|    true|\n","+-----+-----+------------+------------+------------+------------+-------+------+------+------+-------+--------+\n","only showing top 20 rows\n","\n","root\n"," |-- id_1: string (nullable = true)\n"," |-- id_2: string (nullable = true)\n"," |-- cmp_fname_c1: string (nullable = true)\n"," |-- cmp_fname_c2: string (nullable = true)\n"," |-- cmp_lname_c1: string (nullable = true)\n"," |-- cmp_lname_c2: string (nullable = true)\n"," |-- cmp_sex: string (nullable = true)\n"," |-- cmp_bd: string (nullable = true)\n"," |-- cmp_bm: string (nullable = true)\n"," |-- cmp_by: integer (nullable = true)\n"," |-- cmp_plz: integer (nullable = true)\n"," |-- is_match: boolean (nullable = true)\n","\n","Dataframe contains 5749133 entries\n"]}],"source":["from pyspark.sql import SparkSession\n","ss = SparkSession.builder.appName('folder_read').getOrCreate()\n","\n","#create sparksession object and read dataframe\n","df = ss.read.option(\"header\", \"true\").option(\"nullValue\", \"?\").option(\"inferSchema\", \"true\").load(\"/home/lplab/Desktop/donation/\", format = \"csv\", pathGlobFilter=\"*.csv\")\n","df.show()\n","#print schema\n","df.printSchema()\n","#count number of entries\n","print(\"Dataframe contains \" + str(df.count()) + \" entries\")\n"]},{"cell_type":"code","execution_count":null,"metadata":{"id":"MJICuKXkkVQR","outputId":"4d13d89f-f635-41be-8a7b-3797599a092e"},"outputs":[{"name":"stdout","output_type":"stream","text":["+-------+--------------------+------------------+\n","|summary|        cmp_fname_c1|      cmp_fname_c2|\n","+-------+--------------------+------------------+\n","|  count|             5748126|            103699|\n","|   mean|  0.7129023464241682|0.9000089989364239|\n","| stddev|  0.3887584395082915|0.2713306768152377|\n","|    min|                   0|                 0|\n","|    max|2.68694413843136e-05|                 1|\n","+-------+--------------------+------------------+\n","\n"]}],"source":["#Develop a PySpark script to clean and preprocess data before performing entity resolution.Include steps like tokenization and normalization.\n","\n","#Cleaning data: drop null values, retain columns with high amount of data, normalize integer values\n","df = df.drop('id_1')\n","df = df.drop('id_2')\n","\n","#recompute summary after dropping those columns\n","summary = df.describe()\n","#summary of columns\n","summary.select(\"summary\", \"cmp_fname_c1\", \"cmp_fname_c2\").show()\n"]},{"cell_type":"code","execution_count":null,"metadata":{"id":"UA3jdXCDkVQR","outputId":"bf924197-7987-49d2-8a61-e9c9027e565c"},"outputs":[{"name":"stdout","output_type":"stream","text":["+-------+-------------------+-------------------+-------------------+-------------------+-------------------+--------------------+--------------------+--------------------+-------------------+\n","|summary|       cmp_fname_c1|       cmp_fname_c2|       cmp_lname_c1|       cmp_lname_c2|            cmp_sex|              cmp_bd|              cmp_bm|              cmp_by|            cmp_plz|\n","+-------+-------------------+-------------------+-------------------+-------------------+-------------------+--------------------+--------------------+--------------------+-------------------+\n","|  count|              20922|               1333|              20931|                475|              20931|               20925|               20925|               20925|              20902|\n","|   mean| 0.9973163859635039| 0.9898900320318174| 0.9970152595958819| 0.9693701678438521|  0.987291577086618|  0.9970848267622461|  0.9979450418160095|  0.9961290322580645| 0.9584250310975027|\n","| stddev|0.03650667584833679|0.08251973727615235|0.04311880753394514|0.15345280740388917|0.11201570591216437|0.053914876598079815|0.045286127452170664|0.062098048567310556|0.19962063345931913|\n","|    min|                  0|                  0|                  0|                  0|                  0|                   0|                   0|                   0|                  0|\n","|    max|                  1|                  1|                  1|                  1|                  1|                   1|                   1|                   1|                  1|\n","+-------+-------------------+-------------------+-------------------+-------------------+-------------------+--------------------+--------------------+--------------------+-------------------+\n","\n","+-------+------------------+-------------------+------------------+-------------------+-------------------+------------------+------------------+------------------+--------------------+\n","|summary|      cmp_fname_c1|       cmp_fname_c2|      cmp_lname_c1|       cmp_lname_c2|            cmp_sex|            cmp_bd|            cmp_bm|            cmp_by|             cmp_plz|\n","+-------+------------------+-------------------+------------------+-------------------+-------------------+------------------+------------------+------------------+--------------------+\n","|  count|           5727203|             102365|           5728201|               1989|            5728201|           5727412|           5727412|           5727412|             5715387|\n","|   mean|0.7118634802167413| 0.8988473514090182|0.3131380113359591|0.16295544855122532| 0.9548833918362851|0.2216425149788421| 0.486995347986141|0.2199230647280133|0.002043781112285135|\n","| stddev|0.3890806009698546|0.27272090294010237|0.3322812130572688|0.19302366635287033|0.20755988859217464|0.4153518275558727|0.4998308940493868|0.4141943267142959| 0.04516197989362514|\n","|    min|                 0|                  0|                 0|                  0|                  0|                 0|                 0|                 0|                   0|\n","|    max|                 1|                  1|                 1|                  1|                  1|                 1|                 1|                 1|                   1|\n","+-------+------------------+-------------------+------------------+-------------------+-------------------+------------------+------------------+------------------+--------------------+\n","\n"]}],"source":["#match and miss dataframes based on is_match column\n","matches = df.where(\"is_match = true\")\n","matches_summary = matches.describe()\n","\n","#create dataframe with just match = false entries\n","misses = df.where(\"is_match = false\")\n","misses_summary = misses.describe()\n","#display\n","matches_summary.show()\n","misses_summary.show()"]},{"cell_type":"code","execution_count":null,"metadata":{"id":"CbOJPYTdkVQS"},"outputs":[],"source":["#obtain modified summaries\n","from pyspark.sql.types import DoubleType\n","\n","def modify_sum(summary):\n","    #change names using pandas functions (transpose to make it visible)\n","    summary_p = summary.toPandas()\n","    summary_p = summary_p.set_index('summary').transpose().reset_index()\n","    summary_p = summary_p.rename(columns = {'index': 'field'})\n","    summary_p = summary_p.rename_axis(None, axis = 1)\n","    print(summary_p)\n","    #all columns are made into double type\n","    summary_ss = ss.createDataFrame(summary_p)\n","    for c in summary_ss.columns:\n","        if c == 'field':\n","            continue\n","        summary_ss = summary_ss.withColumn(c, summary_ss[c].cast(DoubleType()))\n","    summary_ss.printSchema()\n","    return summary_ss"]},{"cell_type":"code","execution_count":null,"metadata":{"id":"neyn9sA-kVQS","outputId":"6767967f-317f-440b-db06-786021109cf8"},"outputs":[{"name":"stdout","output_type":"stream","text":["          field  count                mean                stddev min max\n","0  cmp_fname_c1  20922  0.9973163859635039   0.03650667584833679   0   1\n","1  cmp_fname_c2   1333  0.9898900320318174   0.08251973727615235   0   1\n","2  cmp_lname_c1  20931  0.9970152595958819   0.04311880753394514   0   1\n","3  cmp_lname_c2    475  0.9693701678438521   0.15345280740388917   0   1\n","4       cmp_sex  20931   0.987291577086618   0.11201570591216437   0   1\n","5        cmp_bd  20925  0.9970848267622461  0.053914876598079815   0   1\n","6        cmp_bm  20925  0.9979450418160095  0.045286127452170664   0   1\n","7        cmp_by  20925  0.9961290322580645  0.062098048567310556   0   1\n","8       cmp_plz  20902  0.9584250310975027   0.19962063345931913   0   1\n","root\n"," |-- field: string (nullable = true)\n"," |-- count: double (nullable = true)\n"," |-- mean: double (nullable = true)\n"," |-- stddev: double (nullable = true)\n"," |-- min: double (nullable = true)\n"," |-- max: double (nullable = true)\n","\n","          field    count                  mean               stddev min max\n","0  cmp_fname_c1  5727203    0.7118634802167413   0.3890806009698546   0   1\n","1  cmp_fname_c2   102365    0.8988473514090182  0.27272090294010237   0   1\n","2  cmp_lname_c1  5728201    0.3131380113359591   0.3322812130572688   0   1\n","3  cmp_lname_c2     1989   0.16295544855122532  0.19302366635287033   0   1\n","4       cmp_sex  5728201    0.9548833918362851  0.20755988859217464   0   1\n","5        cmp_bd  5727412    0.2216425149788421   0.4153518275558727   0   1\n","6        cmp_bm  5727412     0.486995347986141   0.4998308940493868   0   1\n","7        cmp_by  5727412    0.2199230647280133   0.4141943267142959   0   1\n","8       cmp_plz  5715387  0.002043781112285135  0.04516197989362514   0   1\n","root\n"," |-- field: string (nullable = true)\n"," |-- count: double (nullable = true)\n"," |-- mean: double (nullable = true)\n"," |-- stddev: double (nullable = true)\n"," |-- min: double (nullable = true)\n"," |-- max: double (nullable = true)\n","\n"]}],"source":["match_summary_ss = modify_sum(matches_summary)\n","miss_summary_ss = modify_sum(misses_summary)"]},{"cell_type":"code","execution_count":null,"metadata":{"id":"0ack-zUDkVQS","outputId":"2830b2ae-f0f8-4804-d71d-649979fb4101"},"outputs":[{"name":"stdout","output_type":"stream","text":["+------------+-------+------------------+--------------------+---+---+\n","|       field|  count|              mean|              stddev|min|max|\n","+------------+-------+------------------+--------------------+---+---+\n","|     cmp_sex|20931.0| 0.987291577086618| 0.11201570591216437|0.0|1.0|\n","|cmp_lname_c1|20931.0|0.9970152595958819| 0.04311880753394514|0.0|1.0|\n","|      cmp_bm|20925.0|0.9979450418160095|0.045286127452170664|0.0|1.0|\n","|      cmp_bd|20925.0|0.9970848267622461|0.053914876598079815|0.0|1.0|\n","|      cmp_by|20925.0|0.9961290322580645|0.062098048567310556|0.0|1.0|\n","|cmp_fname_c1|20922.0|0.9973163859635039| 0.03650667584833679|0.0|1.0|\n","|     cmp_plz|20902.0|0.9584250310975027| 0.19962063345931913|0.0|1.0|\n","|cmp_fname_c2| 1333.0|0.9898900320318174| 0.08251973727615235|0.0|1.0|\n","|cmp_lname_c2|  475.0|0.9693701678438521| 0.15345280740388917|0.0|1.0|\n","+------------+-------+------------------+--------------------+---+---+\n","\n","+------------+---------+--------------------+-------------------+---+---+\n","|       field|    count|                mean|             stddev|min|max|\n","+------------+---------+--------------------+-------------------+---+---+\n","|     cmp_sex|5728201.0|  0.9548833918362851|0.20755988859217464|0.0|1.0|\n","|cmp_lname_c1|5728201.0|  0.3131380113359591| 0.3322812130572688|0.0|1.0|\n","|      cmp_by|5727412.0|  0.2199230647280133| 0.4141943267142959|0.0|1.0|\n","|      cmp_bd|5727412.0|  0.2216425149788421| 0.4153518275558727|0.0|1.0|\n","|      cmp_bm|5727412.0|   0.486995347986141| 0.4998308940493868|0.0|1.0|\n","|cmp_fname_c1|5727203.0|  0.7118634802167413| 0.3890806009698546|0.0|1.0|\n","|     cmp_plz|5715387.0|0.002043781112285135|0.04516197989362514|0.0|1.0|\n","|cmp_fname_c2| 102365.0|  0.8988473514090182|0.27272090294010237|0.0|1.0|\n","|cmp_lname_c2|   1989.0| 0.16295544855122532|0.19302366635287033|0.0|1.0|\n","+------------+---------+--------------------+-------------------+---+---+\n","\n"]}],"source":["#obtain top 5 columns with max count in both match and misses? basically using columns thatt have the most not-null values (so most values are present and not missing for comparision)\n","match_summary_ss.sort(\"count\", ascending = False).show()\n","miss_summary_ss.sort(\"count\", ascending = False).show()\n","\n","#based on the counts, choose top columns for similarity evaluation\n","top_cols = [\"cmp_lname_c1\", \"cmp_sex\", \"cmp_by\", \"cmp_bd\", \"cmp_bm\"]"]},{"cell_type":"code","execution_count":null,"metadata":{"id":"P_92uoKckVQT","outputId":"066699fd-649c-4c21-e7f8-a9197c93a40c"},"outputs":[{"name":"stdout","output_type":"stream","text":["+-----+--------+\n","|score|is_match|\n","+-----+--------+\n","|  5.0|    true|\n","|  5.0|    true|\n","|  5.0|    true|\n","|  5.0|    true|\n","|  5.0|    true|\n","|  5.0|    true|\n","|  4.0|    true|\n","|  5.0|    true|\n","|  4.0|    true|\n","|  5.0|    true|\n","|  5.0|    true|\n","|  5.0|    true|\n","|  5.0|    true|\n","|  5.0|    true|\n","|  5.0|    true|\n","|  5.0|    true|\n","|  5.0|    true|\n","|  5.0|    true|\n","|  5.0|    true|\n","|  5.0|    true|\n","+-----+--------+\n","only showing top 20 rows\n","\n"]}],"source":["#Implement a PySpark program that computes similarity scores between records using a chosen similarity metric.\n","from pyspark.sql.functions import expr\n","\n","sum_exp = \"+\". join(top_cols)\n","df = df.fillna(0, subset = top_cols)\n","df_scored = df.withColumn('score', expr(sum_exp)).select('score', 'is_match')\n","df_scored = df_scored.fillna(0)\n","df_scored.show()\n","#df_check = df_scored.groupBy('score').count()\n","#df_check.show()"]},{"cell_type":"code","execution_count":null,"metadata":{"id":"sikoonlNkVQT"},"outputs":[],"source":["#if score >= num1 then it creates a column 'above' indicating whether the score is above or equal to the threshold num1, groups the dataframe with the above column\n","# and then creates a pivot table with \"is_match\" values (\"true\" and \"false\") as columns and counts the occurrences for each combination of \"above\" and \"is_match\"\n","def crosstabs(df_cop, num1):\n","    return df_cop.selectExpr(f\"score >= {num1} as above\", \"is_match\").groupBy(\"above\").pivot(\"is_match\", (\"true\", \"false\")).count()\n"]},{"cell_type":"code","execution_count":null,"metadata":{"id":"_Aykmq42kVQT","outputId":"d97611fc-42d1-4b92-f59d-6f7b2b3597a6"},"outputs":[{"name":"stdout","output_type":"stream","text":["+-----+-----+-------+\n","|above| true|  false|\n","+-----+-----+-------+\n","| true|20892| 160712|\n","|false|   39|5567489|\n","+-----+-----+-------+\n","\n","Precision:  0.11504151890927512\n","False positive:  0.028758239640425374\n","F1 score 0.023006934105859467\n"]}],"source":["#df scored is passed through cross tabs with a threshold of 4.0\n","a = crosstabs(df_scored, 4.0)\n","a.show()\n","\n","row_list = a.collect()\n","\n","#compute precision and recall for match and unmatched class\n","precision = (row_list[0].__getitem__('true'))/(row_list[0].__getitem__('true') + row_list[0].__getitem__('false'))\n","recall = (row_list[0].__getitem__('false'))/(row_list[0].__getitem__('true') + row_list[1].__getitem__('false'))\n","print(\"Precision: \", precision)\n","print(\"False positive: \", recall)\n","print(\"F1 score\", (precision * recall)/(precision + recall))\n","\n"]},{"cell_type":"code","execution_count":null,"metadata":{"id":"YRwSHnddkVQU","outputId":"541a9601-4247-445b-9a11-acfc5b3c83b0"},"outputs":[{"name":"stdout","output_type":"stream","text":["+-----+-----+-------+\n","|above| true|  false|\n","+-----+-----+-------+\n","| true|20925|5028701|\n","|false|    6| 699500|\n","+-----+-----+-------+\n","\n","Precision:  0.004143871249078644\n","False positive:  6.980186695353437\n","F1 score 0.004141412649966648\n"]}],"source":["#does the same process but with a threshold of 2.0 instead of 4.0\n","a = crosstabs(df_scored, 2.0)\n","a.show()\n","\n","row_list = a.collect()\n","precision = (row_list[0].__getitem__('true'))/(row_list[0].__getitem__('true') + row_list[0].__getitem__('false'))\n","recall = (row_list[0].__getitem__('false'))/(row_list[0].__getitem__('true') + row_list[1].__getitem__('false'))\n","print(\"Precision: \", precision)\n","print(\"False positive: \", recall)\n","print(\"F1 score\", (precision * recall)/(precision + recall))"]},{"cell_type":"code","execution_count":null,"metadata":{"id":"04Os3nVFkVQU"},"outputs":[],"source":[]}],"metadata":{"kernelspec":{"display_name":"Python 3","language":"python","name":"python3"},"language_info":{"codemirror_mode":{"name":"ipython","version":3},"file_extension":".py","mimetype":"text/x-python","name":"python","nbconvert_exporter":"python","pygments_lexer":"ipython3","version":"3.7.0"},"colab":{"provenance":[]}},"nbformat":4,"nbformat_minor":0}